# ## QS, duration msec, PQRST milivolt,  HRate, QRS PR QT T P interval, ragged T wave, diphasic T, all 12 nodes
column = [14,4,5,6,7,8,
			15, 17, 25, 26, 
			27, 29, 37, 38, 
			39, 41, 49, 50, 
			51, 53, 61, 62, 
			63, 65, 73, 74, 
			75, 77, 85, 86, 
			87, 89, 97, 98, 
			99, 101, 109, 110, 
			111, 113, 121, 122, 
			123, 125, 133, 134, 
			135, 137, 145, 146, 
			147, 149, 157, 158,
		160,161,162,165,166, 
		170,171,172,175,176, 
		180,181,182,185,186, 
		190,191,192,195,196,
		200,201,202,205,206,
		210,211,212,215,216,
		220,221,222,225,226,
		230,231,232,235,236,
		240,241,242,245,246,
		250,251,252,255,256,
		260,261,262,265,266,
		270,271,272,275,276,
		]