1.6000e+01
1.7000e+01
1.8000e+01
2.8000e+01
2.9000e+01
3.0000e+01
4.0000e+01
4.1000e+01
4.2000e+01
5.2000e+01
5.3000e+01
5.4000e+01
6.4000e+01
6.5000e+01
6.6000e+01
7.6000e+01
7.7000e+01
7.8000e+01
8.8000e+01
8.9000e+01
9.0000e+01
1.0000e+02
1.0100e+02
1.0200e+02
1.1200e+02
1.1300e+02
1.1400e+02
1.2400e+02
1.2500e+02
1.2600e+02
1.3600e+02
1.3700e+02
1.3800e+02
1.4800e+02
1.4900e+02
1.5000e+02
1.6000e+02
1.6100e+02
1.6200e+02
1.7000e+02
1.7100e+02
1.7200e+02
1.8000e+02
1.8100e+02
1.8200e+02
1.9000e+02
1.9100e+02
1.9200e+02
2.0000e+02
2.0100e+02
2.0200e+02
2.1000e+02
2.1100e+02
2.1200e+02
2.2000e+02
2.2100e+02
2.2200e+02
2.3000e+02
2.3100e+02
2.3200e+02
2.4000e+02
2.4100e+02
2.4200e+02
2.5000e+02
2.5100e+02
2.5200e+02
2.6000e+02
2.6100e+02
2.6200e+02
2.7000e+02
2.7100e+02
2.7200e+02
