##PQRST, milivolt, all nodes
column = [
		160,161,162,165,166, 
		170,171,172,175,176, 
		180,181,182,185,186, 
		190,191,192,195,196,
		200,201,202,205,206,
		210,211,212,215,216,
		220,221,222,225,226,
		230,231,232,235,236,
		240,241,242,245,246,
		250,251,252,255,256,
		260,261,262,265,266,
		270,271,272,275,276,
		]

## QRS, milivolt, all nodes
column = [
		160,161,162, 
		170,171,172, 
		180,181,182, 
		190,191,192,
		200,201,202,
		210,211,212,
		220,221,222,
		230,231,232,
		240,241,242,
		250,251,252,
		260,261,262,
		270,271,272,
		]
## QRS, duration msec and QRS, milivolt, all nodes
column = [
		16, 17, 18, 
		28, 29, 30, 
		40, 41, 42, 
		52, 53, 54, 
		64, 65, 66, 
		76, 77, 78, 
		88, 89, 90, 
		100, 101, 102, 
		112, 113, 114, 
		124, 125, 126, 
		136, 137, 138, 
		148, 149, 150,
		160,161,162, 
		170,171,172, 
		180,181,182, 
		190,191,192,
		200,201,202,
		210,211,212,
		220,221,222,
		230,231,232,
		240,241,242,
		250,251,252,
		260,261,262,
		270,271,272,
		]

