rbbb

[0.9319540229885057, 0.9251724137931034, 0.8808045977011494, 0.9079310344827587, 0.9283908045977011, 0.9150574712643678, 0.9181609195402298, 0.9147126436781609]

cad
[0.8548987411056375, 0.8617952928297754, 0.8617952928297754, 0.8617952928297754, 0.8617952928297754, 0.8617952928297754, 0.8653667214012041, 0.8654989965334792]

MI
[0.9415242165242166, 0.9379527879527879, 0.9120166870166869, 0.9085978835978835, 0.8970695970695971, 0.901048026048026, 0.9046092796092797, 0.9268518518518519]

ST
[0.9497777777777777, 0.9497777777777777, 0.9497777777777777, 0.9497777777777777, 0.9497777777777777, 0.9497777777777777, 0.9497777777777777, 0.9497777777777777]

SB

[0.9034696784696784, 0.9071733821733823, 0.9071733821733823, 0.9071733821733823, 0.9071733821733823, 0.9071733821733823, 0.9071733821733823, 0.9071733821733823]